241408376
348973081
426559578
1572576417
463985902
847897230
1768970742
460106072
898314102
452602960
745762860
851772366
1063019672
1311237797
1020983970
668137930
336661902
881861312
919433897
984529223
1621581118
1076362901
1061373291
771666828
1042141812
711551312
6561724448
418866707
658909533
333199429
5058349872
1854226036
1069046523
6118795252
259526292
5572754276
5024924349
1096197544
2097787791
895518823
329690883
5693528436
1946455094
52079828
5490581951
1761937322
824963374
1724846104
1236238877
993973614
5434712135
5038921417
285511272
264956206
282609229
53998785
648803691
121363185
516609772
53771953
520315340
229713286
231313703
5157024852
1790155809
5122163250
306704190
399962071
204514557
205887540
419272224
701896777
886678009
390898347
233986941
514883668
804149978
586028531
1100247708
1007316082
96986354
319974656
123770953
159772059
1526882500
752234617
1482403601
491775165
491444511
271761704
381592310
59179985
992207339
1990884208
994368814
425790283
5133281610
683206117
163836443
656424408
6069319287
359385298
1318239758
702752820
427801104
1359386447
1404063588
349123953
268409094
474447623
826368295
1876504150
881243240
5761219859
658023911
1168441089
122546892
5569299257
554618840
265864219
843055910
596311377
257815411
1790803189
602173662
1705788423
470102416
5152357846
1656296617
572338220
642305595
